13086783500
13132780645
13132788552
13367782370
13377382722
13377738299
13378382925
13471841455
13471841515
13471862008
13471862601
13481839018
13481839520
13481839821
13481889610
13507786856
13558032978
13597089231
13707781716
13707781724
13737975483
13737975779
13737990368
13737990741
13737990786
13768488137
13768488266
13768488851
13788083546
13788083569
13788083608
13788084817
13877827289
13877837061
13877837711
13877838612
13877841263
13877878418
13877878738
13877893119
13877893421
13877893803
13907882286
13907882591
13977803096
13977822883
13977847163
13977863180
13977863217
13977897536
1397803837
15078105155
15078489322
15078555968
15078615325
15177884008
15277870079
15296870536
15676467008
15777813063
15807880761
15807883683
15949349736
15977821893
15977823912
15977824298
15977824630
15977849125
17307783503
17878871004
18070827548
18074893646
18077805204
18077895515
18107889147
18174908843
18177810745
18177881739
18207765798
18277864641
18376644601
18377892969
18775800246
18775815003
18775829052
18775883916
18777608482
18777837071
18877881817
18977872525
18977896967
19107789791
19877858327
19877864607
19907888831
19977840529
26